Case #1:
10000000000000000000000000000001 3 2 5 2 7 2 3 2 11
11100000000000000000000000000001 3 2 5 2 7 2 3 2 11
11001000000000000000000000000001 3 2 5 2 7 2 3 2 11
11000010000000000000000000000001 3 2 5 2 7 2 3 2 11
11000000100000000000000000000001 3 2 5 2 7 2 3 2 11
11000000001000000000000000000001 3 2 5 2 7 2 3 2 11
11000000000100000000000000000001 19 2 271 2 17 2 11 2 7
11000000000010000000000000000001 3 2 5 2 7 2 3 2 11
11000000000000100000000000000001 3 2 5 2 7 2 3 2 11
10110000000000000000000000000001 3 2 5 2 7 2 3 2 11
10100100000000000000000000000001 3 2 5 2 7 2 3 2 11
10100001000000000000000000000001 3 2 5 2 7 2 3 2 11
10100000100000000000000000000001 17 2 229 2 109 2 11 2 7
10100000010000000000000000000001 3 2 5 2 7 2 3 2 11
10100000000100000000000000000001 3 2 5 2 7 2 3 2 11
10100000000001000000000000000001 3 2 5 2 7 2 3 2 11
10100000000000010000000000000001 3 2 5 2 7 2 3 2 11
10011000000000000000000000000001 3 2 5 2 7 2 3 2 7
10010010000000000000000000000001 3 2 5 2 7 2 3 2 11
10010000100000000000000000000001 3 2 5 2 7 2 3 2 11
10010000001000000000000000000001 3 2 5 2 7 2 3 2 7
10010000000100000000000000000001 61 2 677 2 191 2 5 2 43
10010000000010000000000000000001 3 2 5 2 7 2 3 2 11
10010000000000100000000000000001 3 2 5 2 7 2 3 2 11
10001100000000000000000000000001 3 2 5 2 7 2 3 2 11
10001001000000000000000000000001 3 2 5 2 7 2 3 2 11
10001000010000000000000000000001 3 2 5 2 7 2 3 2 7
10001000000100000000000000000001 3 2 5 2 7 2 3 2 11
10001000000001000000000000000001 3 2 5 2 7 2 3 2 11
10001000000000010000000000000001 3 2 5 2 7 2 3 2 7
10000110000000000000000000000001 3 2 5 2 7 2 3 2 11
10000100100000000000000000000001 3 2 5 2 7 2 3 2 11
10000100001000000000000000000001 3 2 5 2 7 2 3 2 11
10000100000010000000000000000001 3 2 5 2 7 2 3 2 11
10000100000000100000000000000001 3 2 5 2 7 2 3 2 11
10000011000000000000000000000001 3 2 5 2 7 2 3 2 11
10000010100000000000000000000001 347 2 11149 2 19 2 5099 2 127
10000010010000000000000000000001 3 2 5 2 7 2 3 2 11
10000010000100000000000000000001 3 2 5 2 7 2 3 2 11
10000010000010000000000000000001 7 2 13 2 103 2 47 2 17
10000010000001000000000000000001 3 2 5 2 7 2 3 2 11
10000010000000100000000000000001 233 2 11 2 11987 2 41 2 491
10000010000000010000000000000001 3 2 5 2 7 2 3 2 11
10000001100000000000000000000001 3 2 5 2 7 2 3 2 11
10000001001000000000000000000001 3 2 5 2 7 2 3 2 11
10000001000100000000000000000001 163 2 26423 2 23 2 5 2 7
10000001000010000000000000000001 3 2 5 2 7 2 3 2 11
10000001000001000000000000000001 11 2 7 2 16301 2 561829 2 13
10000001000000100000000000000001 3 2 5 2 7 2 3 2 11
10000001000000010000000000000001 239 2 37 2 14177 2 5 2 311
10000000110000000000000000000001 3 2 5 2 7 2 3 2 11
10000000101000000000000000000001 17 2 70459 2 59 2 71 2 2609
10000000100100000000000000000001 3 2 5 2 7 2 3 2 11
10000000100010000000000000000001 5 2 29 2 13 2 11 2 109
10000000100001000000000000000001 3 2 5 2 7 2 3 2 11
10000000100000100000000000000001 149 2 47 2 11 2 1072213 2 7
10000000100000010000000000000001 3 2 5 2 7 2 3 2 11
10000000011000000000000000000001 3 2 5 2 7 2 3 2 7
10000000010100000000000000000001 97 2 11 2 11 2 11131 2 2608663
10000000010010000000000000000001 3 2 5 2 7 2 3 2 11
10000000010001000000000000000001 9103 2 23 2 131 2 23 2 59
10000000010000100000000000000001 3 2 5 2 7 2 3 2 11
10000000001100000000000000000001 3 2 5 2 7 2 3 2 11
10000000001001000000000000000001 3 2 5 2 7 2 3 2 11
10000000001000010000000000000001 3 2 5 2 7 2 3 2 7
10000000000110000000000000000001 3 2 5 2 7 2 3 2 11
10000000000100100000000000000001 3 2 5 2 7 2 3 2 11
10000000000100010000000000000001 1283 2 53 2 4229 2 5 2 349483
10000000000011000000000000000001 3 2 5 2 7 2 3 2 11
10000000000010010000000000000001 3 2 5 2 7 2 3 2 11
10000000000001100000000000000001 3 2 5 2 7 2 3 2 11
10000000000000110000000000000001 3 2 5 2 7 2 3 2 11
11111000000000000000000000000001 3 2 3 2 7 2 3 2 3
11110100000000000000000000000001 5 2 3 2 17 2 5 2 3
11110010000000000000000000000001 3 2 3 2 7 2 3 2 3
11110001000000000000000000000001 829 2 3 2 137 2 71 2 3
11110000100000000000000000000001 3 2 3 2 7 2 3 2 3
11110000010000000000000000000001 5 2 3 2 37 2 5 2 3
11110000001000000000000000000001 3 2 3 2 7 2 3 2 3
11110000000100000000000000000001 7 2 3 2 43 2 31 2 3
11110000000010000000000000000001 3 2 3 2 7 2 3 2 3
11110000000001000000000000000001 5 2 3 2 37 2 5 2 3
11110000000000100000000000000001 3 2 3 2 7 2 3 2 3
11110000000000010000000000000001 11 2 3 2 47 2 29 2 3
11101100000000000000000000000001 3 2 3 2 7 2 3 2 3
11101010000000000000000000000001 5 2 3 2 37 2 5 2 3
11101001000000000000000000000001 3 2 3 2 7 2 3 2 3
11101000100000000000000000000001 6863 2 3 2 23 2 2541439 2 3
11101000010000000000000000000001 3 2 3 2 7 2 3 2 3
11101000001000000000000000000001 5 2 3 2 37 2 5 2 3
11101000000100000000000000000001 3 2 3 2 7 2 3 2 3
11101000000010000000000000000001 13933 2 3 2 2081 2 23 2 3
11101000000001000000000000000001 3 2 3 2 7 2 3 2 3
11101000000000100000000000000001 5 2 3 2 17 2 5 2 3
11101000000000010000000000000001 3 2 3 2 7 2 3 2 3
11100110000000000000000000000001 3 2 3 2 7 2 3 2 3
11100101000000000000000000000001 5 2 3 2 37 2 5 2 3
11100100100000000000000000000001 3 2 3 2 7 2 3 2 3
11100100010000000000000000000001 7 2 3 2 43 2 73 2 3
11100100001000000000000000000001 3 2 3 2 7 2 3 2 3
11100100000100000000000000000001 5 2 3 2 37 2 5 2 3
11100100000010000000000000000001 3 2 3 2 7 2 3 2 3
11100100000001000000000000000001 11 2 3 2 4801 2 199 2 3
11100100000000100000000000000001 3 2 3 2 7 2 3 2 3
11100100000000010000000000000001 5 2 3 2 37 2 5 2 3
11100011000000000000000000000001 3 2 3 2 7 2 3 2 3
11100010100000000000000000000001 5 2 3 2 13 2 5 2 3
11100010010000000000000000000001 3 2 3 2 7 2 3 2 3
11100010001000000000000000000001 11 2 3 2 4813 2 14891 2 3
11100010000100000000000000000001 3 2 3 2 7 2 3 2 3
11100010000010000000000000000001 5 2 3 2 11 2 5 2 3
11100010000001000000000000000001 3 2 3 2 7 2 3 2 3
11100010000000100000000000000001 7 2 3 2 43 2 73 2 3
11100010000000010000000000000001 3 2 3 2 7 2 3 2 3
11100001100000000000000000000001 3 2 3 2 7 2 3 2 3
11100001010000000000000000000001 5 2 3 2 11 2 5 2 3
11100001001000000000000000000001 3 2 3 2 7 2 3 2 3
11100001000100000000000000000001 29 2 3 2 13 2 11 2 3
11100001000010000000000000000001 3 2 3 2 7 2 3 2 3
11100001000001000000000000000001 5 2 3 2 37 2 5 2 3
11100001000000100000000000000001 3 2 3 2 7 2 3 2 3
11100000110000000000000000000001 3 2 3 2 7 2 3 2 3
11100000101000000000000000000001 5 2 3 2 37 2 5 2 3
11100000100100000000000000000001 3 2 3 2 7 2 3 2 3
11100000100010000000000000000001 7 2 3 2 43 2 59 2 3
11100000100001000000000000000001 3 2 3 2 7 2 3 2 3
11100000100000100000000000000001 5 2 3 2 37 2 5 2 3
11100000100000010000000000000001 3 2 3 2 7 2 3 2 3
11100000011000000000000000000001 3 2 3 2 7 2 3 2 3
11100000010100000000000000000001 5 2 3 2 37 2 5 2 3
11100000010010000000000000000001 3 2 3 2 7 2 3 2 3
11100000010000100000000000000001 3 2 3 2 7 2 3 2 3
11100000010000010000000000000001 5 2 3 2 37 2 5 2 3
11100000001100000000000000000001 3 2 3 2 7 2 3 2 3
11100000001010000000000000000001 5 2 3 2 37 2 5 2 3
11100000001001000000000000000001 3 2 3 2 7 2 3 2 3
11100000001000010000000000000001 3 2 3 2 7 2 3 2 3
11100000000110000000000000000001 3 2 3 2 7 2 3 2 3
11100000000101000000000000000001 5 2 3 2 37 2 5 2 3
11100000000100100000000000000001 3 2 3 2 7 2 3 2 3
11100000000100010000000000000001 7 2 3 2 29 2 73 2 3
11100000000011000000000000000001 3 2 3 2 7 2 3 2 3
11100000000010100000000000000001 5 2 3 2 37 2 5 2 3
11100000000010010000000000000001 3 2 3 2 7 2 3 2 3
11100000000001100000000000000001 3 2 3 2 7 2 3 2 3
11100000000001010000000000000001 5 2 3 2 37 2 5 2 3
11100000000000110000000000000001 3 2 3 2 7 2 3 2 3
11011100000000000000000000000001 13 2 3 2 53 2 17 2 3
11011010000000000000000000000001 3 2 3 2 7 2 3 2 3
11011001000000000000000000000001 19 2 3 2 41 2 2251 2 3
11011000100000000000000000000001 3 2 3 2 7 2 3 2 3
11011000001000000000000000000001 3 2 3 2 7 2 3 2 3
11011000000100000000000000000001 40189 2 3 2 24469 2 439 2 3
11011000000010000000000000000001 3 2 3 2 7 2 3 2 3
11011000000001000000000000000001 17 2 3 2 131 2 11 2 3
11011000000000100000000000000001 3 2 3 2 7 2 3 2 3
11011000000000010000000000000001 23 2 3 2 221891 2 1061 2 3
11010110000000000000000000000001 5 2 3 2 37 2 5 2 3
11010101000000000000000000000001 1579 2 3 2 1310633 2 11 2 3
11010100100000000000000000000001 7 2 3 2 43 2 73 2 3
11010100010000000000000000000001 19 2 3 2 19 2 97 2 3
11010100001000000000000000000001 5 2 3 2 37 2 5 2 3
11010100000100000000000000000001 7 2 3 2 43 2 47 2 3
11010100000010000000000000000001 11 2 3 2 1297 2 17 2 3
11010100000000100000000000000001 5 2 3 2 37 2 5 2 3
11010100000000010000000000000001 1907 2 3 2 11 2 479 2 3
11010011000000000000000000000001 11 2 3 2 19 2 31 2 3
11010010100000000000000000000001 3 2 3 2 7 2 3 2 3
11010010010000000000000000000001 5 2 3 2 13 2 5 2 3
11010010001000000000000000000001 3 2 3 2 7 2 3 2 3
11010010000010000000000000000001 3 2 3 2 7 2 3 2 3
11010010000001000000000000000001 5 2 3 2 37 2 5 2 3
11010010000000100000000000000001 3 2 3 2 7 2 3 2 3
11010001000100000000000000000001 41017 2 3 2 11 2 5 2 3
11010001000000100000000000000001 37 2 3 2 236377 2 13147 2 3
11010001000000010000000000000001 73 2 3 2 13 2 5 2 3
11010000101000000000000000000001 3 2 3 2 7 2 3 2 3
11010000100100000000000000000001 7 2 3 2 23 2 11 2 3
11010000100010000000000000000001 3 2 3 2 7 2 3 2 3
11010000100000100000000000000001 3 2 3 2 7 2 3 2 3
11010000011000000000000000000001 5 2 3 2 37 2 5 2 3
11010000010010000000000000000001 233 2 3 2 2243 2 53 2 3
11010000010000100000000000000001 5 2 3 2 19 2 5 2 3
11010000001100000000000000000001 23 2 3 2 4447 2 6679 2 3
11010000001010000000000000000001 3 2 3 2 7 2 3 2 3
11010000001001000000000000000001 5 2 3 2 11 2 5 2 3
11010000001000100000000000000001 3 2 3 2 7 2 3 2 3
11010000000110000000000000000001 19 2 3 2 13 2 31 2 3
11010000000100100000000000000001 7 2 3 2 43 2 73 2 3
11010000000100010000000000000001 13 2 3 2 73 2 5 2 3
11010000000011000000000000000001 17 2 3 2 1297 2 17 2 3
11010000000010100000000000000001 3 2 3 2 7 2 3 2 3
11010000000001100000000000000001 5 2 3 2 17 2 5 2 3
11010000000001010000000000000001 19 2 3 2 173 2 49367 2 3
11010000000000110000000000000001 107 2 3 2 367 2 1583 2 3
11001110000000000000000000000001 3 2 3 2 7 2 3 2 3
11001101000000000000000000000001 283 2 3 2 13 2 61 2 3
11001100100000000000000000000001 3 2 3 2 7 2 3 2 3
11001100001000000000000000000001 3 2 3 2 7 2 3 2 3
11001100000100000000000000000001 17 2 3 2 11 2 17 2 3
11001100000010000000000000000001 3 2 3 2 7 2 3 2 3
11001100000000100000000000000001 3 2 3 2 7 2 3 2 3
11001011000000000000000000000001 3 2 3 2 7 2 3 2 3
11001010100000000000000000000001 503 2 3 2 11 2 53 2 3
11001010010000000000000000000001 3 2 3 2 7 2 3 2 3
11001010001000000000000000000001 5 2 3 2 13 2 5 2 3
11001010000100000000000000000001 3 2 3 2 7 2 3 2 3
11001010000001000000000000000001 3 2 3 2 7 2 3 2 3
11001010000000100000000000000001 5 2 3 2 19 2 5 2 3
11001010000000010000000000000001 3 2 3 2 7 2 3 2 3
11001001100000000000000000000001 3 2 3 2 7 2 3 2 3
11001001010000000000000000000001 61 2 3 2 1601 2 1811 2 3
11001001001000000000000000000001 3 2 3 2 7 2 3 2 3
11001001000010000000000000000001 3 2 3 2 7 2 3 2 3
11001001000001000000000000000001 7 2 3 2 6131 2 419 2 3
11001001000000100000000000000001 3 2 3 2 7 2 3 2 3
11001000110000000000000000000001 3 2 3 2 7 2 3 2 3
11001000100100000000000000000001 3 2 3 2 7 2 3 2 3
11001000100010000000000000000001 2293 2 3 2 239 2 653 2 3
11001000100001000000000000000001 3 2 3 2 7 2 3 2 3
11001000100000010000000000000001 3 2 3 2 7 2 3 2 3
11001000011000000000000000000001 3 2 3 2 7 2 3 2 3
11001000010010000000000000000001 3 2 3 2 7 2 3 2 3
11001000010001000000000000000001 53 2 3 2 197 2 1559 2 3
11001000010000100000000000000001 3 2 3 2 7 2 3 2 3
11001000001100000000000000000001 3 2 3 2 7 2 3 2 3
11001000001001000000000000000001 3 2 3 2 7 2 3 2 3
11001000001000100000000000000001 5 2 3 2 37 2 5 2 3
11001000001000010000000000000001 3 2 3 2 7 2 3 2 3
11001000000110000000000000000001 3 2 3 2 7 2 3 2 3
11001000000101000000000000000001 17 2 3 2 127 2 17 2 3
11001000000100100000000000000001 3 2 3 2 7 2 3 2 3
11001000000011000000000000000001 3 2 3 2 7 2 3 2 3
11001000000010100000000000000001 181 2 3 2 643 2 43 2 3
11001000000010010000000000000001 3 2 3 2 7 2 3 2 3
11001000000001100000000000000001 3 2 3 2 7 2 3 2 3
11001000000001010000000000000001 1063 2 3 2 57203 2 47 2 3
11001000000000110000000000000001 3 2 3 2 7 2 3 2 3
11000111000000000000000000000001 5 2 3 2 37 2 5 2 3
11000110100000000000000000000001 3 2 3 2 7 2 3 2 3
11000110010000000000000000000001 2621 2 3 2 316891 2 23 2 3
11000110001000000000000000000001 3 2 3 2 7 2 3 2 3
11000110000100000000000000000001 5 2 3 2 13 2 5 2 3
11000110000010000000000000000001 3 2 3 2 7 2 3 2 3
11000110000000100000000000000001 3 2 3 2 7 2 3 2 3
11000110000000010000000000000001 5 2 3 2 37 2 5 2 3
11000101010000000000000000000001 11 2 3 2 5039 2 67 2 3
11000101001000000000000000000001 5 2 3 2 17 2 5 2 3
11000101000010000000000000000001 16033 2 3 2 701 2 29 2 3
11000101000001000000000000000001 59 2 3 2 163 2 11 2 3
11000101000000100000000000000001 5 2 3 2 37 2 5 2 3
11000100110000000000000000000001 7 2 3 2 43 2 73 2 3
11000100101000000000000000000001 3 2 3 2 7 2 3 2 3
11000100100100000000000000000001 11 2 3 2 103 2 823 2 3
11000100100010000000000000000001 3 2 3 2 7 2 3 2 3
11000100100001000000000000000001 19 2 3 2 19121 2 269 2 3
11000100100000100000000000000001 3 2 3 2 7 2 3 2 3
11000100100000010000000000000001 7 2 3 2 43 2 11 2 3
11000100011000000000000000000001 313 2 3 2 11 2 107 2 3
11000100010100000000000000000001 7 2 3 2 43 2 73 2 3
11000100010010000000000000000001 41611 2 3 2 19 2 41 2 3
11000100010001000000000000000001 5 2 3 2 79 2 1597 2 3
11000100010000100000000000000001 7 2 3 2 43 2 73 2 3
11000100010000010000000000000001 281 2 3 2 23 2 3389 2 3
11000100001100000000000000000001 5 2 3 2 37 2 5 2 3
11000100001010000000000000000001 3 2 3 2 7 2 3 2 3
11000100001000100000000000000001 3 2 3 2 7 2 3 2 3
11000100001000010000000000000001 5 2 3 2 37 2 5 2 3
11000100000110000000000000000001 7 2 3 2 43 2 17 2 3
11000100000101000000000000000001 14207 2 3 2 17 2 43 2 3
11000100000100100000000000000001 5 2 3 2 11 2 5 2 3
11000100000100010000000000000001 7 2 3 2 43 2 73 2 3
11000100000010100000000000000001 3 2 3 2 7 2 3 2 3
11000100000001100000000000000001 149 2 3 2 103 2 1567 2 3
11000100000000110000000000000001 5 2 3 2 37 2 5 2 3
11000011100000000000000000000001 3 2 3 2 7 2 3 2 3
11000011010000000000000000000001 5 2 3 2 37 2 5 2 3
11000011001000000000000000000001 3 2 3 2 7 2 3 2 3
11000011000010000000000000000001 3 2 3 2 7 2 3 2 3
11000011000001000000000000000001 5 2 3 2 13 2 5 2 3
11000011000000100000000000000001 3 2 3 2 7 2 3 2 3
11000011000000010000000000000001 311 2 3 2 45599 2 149341 2 3
11000010110000000000000000000001 3 2 3 2 7 2 3 2 3
11000010101000000000000000000001 5 2 3 2 37 2 5 2 3
11000010100100000000000000000001 3 2 3 2 7 2 3 2 3
11000010100001000000000000000001 3 2 3 2 7 2 3 2 3
11000010100000100000000000000001 5 2 3 2 11 2 5 2 3
11000010100000010000000000000001 3 2 3 2 7 2 3 2 3
11000010011000000000000000000001 3 2 3 2 7 2 3 2 3
11000010010100000000000000000001 5 2 3 2 11 2 5 2 3
11000010010010000000000000000001 3 2 3 2 7 2 3 2 3
11000010010001000000000000000001 37 2 3 2 17 2 2683 2 3
11000010010000100000000000000001 3 2 3 2 7 2 3 2 3
11000010010000010000000000000001 5 2 3 2 13 2 5 2 3
11000010001100000000000000000001 3 2 3 2 7 2 3 2 3
11000010001010000000000000000001 5 2 3 2 37 2 5 2 3
11000010001001000000000000000001 3 2 3 2 7 2 3 2 3
11000010001000100000000000000001 79 2 3 2 2693 2 59 2 3
11000010001000010000000000000001 3 2 3 2 7 2 3 2 3
11000010000110000000000000000001 3 2 3 2 7 2 3 2 3
11000010000101000000000000000001 5 2 3 2 37 2 5 2 3
11000010000100100000000000000001 3 2 3 2 7 2 3 2 3
11000010000011000000000000000001 3 2 3 2 7 2 3 2 3
11000010000010100000000000000001 5 2 3 2 37 2 5 2 3
11000010000010010000000000000001 3 2 3 2 7 2 3 2 3
11000010000001100000000000000001 3 2 3 2 7 2 3 2 3
11000010000001010000000000000001 5 2 3 2 37 2 5 2 3
11000010000000110000000000000001 3 2 3 2 7 2 3 2 3
11000001110000000000000000000001 67 2 3 2 17 2 97 2 3
11000001101000000000000000000001 3 2 3 2 7 2 3 2 3
11000001100100000000000000000001 191 2 3 2 4861 2 31 2 3
11000001100010000000000000000001 3 2 3 2 7 2 3 2 3
11000001100001000000000000000001 79 2 3 2 59 2 29 2 3
11000001100000100000000000000001 3 2 3 2 7 2 3 2 3
11000001100000010000000000000001 17 2 3 2 523 2 113 2 3
11000001011000000000000000000001 5 2 3 2 37 2 5 2 3
11000001010100000000000000000001 11353 2 3 2 383 2 1117 2 3
11000001010000100000000000000001 5 2 3 2 37 2 5 2 3
11000001001010000000000000000001 3 2 3 2 7 2 3 2 3
11000001001001000000000000000001 5 2 3 2 37 2 5 2 3
11000001001000100000000000000001 3 2 3 2 7 2 3 2 3
11000001000101000000000000000001 12161 2 3 2 11 2 19 2 3
11000001000011000000000000000001 89 2 3 2 23 2 163 2 3
11000001000010100000000000000001 3 2 3 2 7 2 3 2 3
11000001000010010000000000000001 13 2 3 2 19 2 262657 2 3
11000001000001100000000000000001 5 2 3 2 37 2 5 2 3
11000000111000000000000000000001 3 2 3 2 7 2 3 2 3
11000000110100000000000000000001 7 2 3 2 19 2 73 2 3
11000000110010000000000000000001 3 2 3 2 7 2 3 2 3
11000000110001000000000000000001 41 2 3 2 11 2 43 2 3
11000000110000100000000000000001 3 2 3 2 7 2 3 2 3
11000000110000010000000000000001 5791 2 3 2 71 2 107 2 3
11000000101100000000000000000001 3 2 3 2 7 2 3 2 3
11000000101001000000000000000001 3 2 3 2 7 2 3 2 3
11000000101000100000000000000001 5 2 3 2 37 2 5 2 3
11000000101000010000000000000001 3 2 3 2 7 2 3 2 3
11000000100110000000000000000001 3 2 3 2 7 2 3 2 3
11000000100101000000000000000001 13 2 3 2 29 2 11 2 3
11000000100100100000000000000001 3 2 3 2 7 2 3 2 3
11000000100100010000000000000001 7 2 3 2 43 2 73 2 3
11000000100011000000000000000001 3 2 3 2 7 2 3 2 3
11000000100010100000000000000001 7 2 3 2 43 2 73 2 3
11000000100010010000000000000001 3 2 3 2 7 2 3 2 3
11000000100001100000000000000001 3 2 3 2 7 2 3 2 3
11000000100001010000000000000001 4153 2 3 2 13 2 389 2 3
11000000100000110000000000000001 3 2 3 2 7 2 3 2 3
11000000011100000000000000000001 5 2 3 2 37 2 5 2 3
11000000011010000000000000000001 3 2 3 2 7 2 3 2 3
11000000011000100000000000000001 3 2 3 2 7 2 3 2 3
11000000011000010000000000000001 5 2 3 2 11 2 5 2 3
11000000010110000000000000000001 113 2 3 2 179 2 71 2 3
11000000010100100000000000000001 5 2 3 2 37 2 5 2 3
11000000010010100000000000000001 3 2 3 2 7 2 3 2 3
11000000010010010000000000000001 19 2 3 2 17 2 3637 2 3
11000000010000110000000000000001 5 2 3 2 37 2 5 2 3
11000000001110000000000000000001 3 2 3 2 7 2 3 2 3
11000000001101000000000000000001 5 2 3 2 37 2 5 2 3
11000000001100100000000000000001 3 2 3 2 7 2 3 2 3
11000000001011000000000000000001 3 2 3 2 7 2 3 2 3
11000000001010100000000000000001 5 2 3 2 23 2 5 2 3
11000000001010010000000000000001 3 2 3 2 7 2 3 2 3
11000000001001100000000000000001 3 2 3 2 7 2 3 2 3
11000000001001010000000000000001 5 2 3 2 37 2 5 2 3
11000000001000110000000000000001 3 2 3 2 7 2 3 2 3
11000000000111000000000000000001 17 2 3 2 1297 2 17 2 3
11000000000110100000000000000001 3 2 3 2 7 2 3 2 3
11000000000110010000000000000001 29 2 3 2 13 2 89 2 3
11000000000101100000000000000001 5 2 3 2 37 2 5 2 3
11000000000101010000000000000001 3433 2 3 2 2447 2 29 2 3
11000000000100110000000000000001 7 2 3 2 11 2 53 2 3
11000000000011100000000000000001 3 2 3 2 7 2 3 2 3
11000000000011010000000000000001 11 2 3 2 193 2 23 2 3
11000000000010110000000000000001 3 2 3 2 7 2 3 2 3
11000000000001110000000000000001 5 2 3 2 19 2 5 2 3
10111100000000000000000000000001 3 2 3 2 7 2 3 2 3
10111010000000000000000000000001 17 2 3 2 19 2 11 2 3
10111001000000000000000000000001 3 2 3 2 7 2 3 2 3
10111000100000000000000000000001 7 2 3 2 43 2 73 2 3
10111000010000000000000000000001 3 2 3 2 7 2 3 2 3
10111000001000000000000000000001 101 2 3 2 607 2 293989 2 3
10111000000100000000000000000001 3 2 3 2 7 2 3 2 3
10111000000010000000000000000001 23603 2 3 2 9337 2 237977 2 3
10111000000001000000000000000001 3 2 3 2 7 2 3 2 3
10111000000000100000000000000001 7 2 3 2 23 2 17 2 3
10111000000000010000000000000001 3 2 3 2 7 2 3 2 3
10110110000000000000000000000001 3 2 3 2 7 2 3 2 3
10110101000000000000000000000001 7 2 3 2 43 2 41 2 3
10110100100000000000000000000001 3 2 3 2 7 2 3 2 3
10110100010000000000000000000001 5 2 3 2 37 2 5 2 3
10110100001000000000000000000001 3 2 3 2 7 2 3 2 3
10110100000010000000000000000001 3 2 3 2 7 2 3 2 3
10110100000001000000000000000001 5 2 3 2 11 2 5 2 3
10110100000000100000000000000001 3 2 3 2 7 2 3 2 3
10110100000000010000000000000001 31 2 3 2 191 2 743 2 3
10110011000000000000000000000001 3 2 3 2 7 2 3 2 3
10110010010000000000000000000001 3 2 3 2 7 2 3 2 3
10110010000100000000000000000001 3 2 3 2 7 2 3 2 3
10110010000010000000000000000001 17 2 3 2 127 2 17 2 3
10110010000001000000000000000001 3 2 3 2 7 2 3 2 3
10110010000000010000000000000001 3 2 3 2 7 2 3 2 3
10110001100000000000000000000001 3 2 3 2 7 2 3 2 3
10110001010000000000000000000001 823 2 3 2 17 2 827 2 3
10110001001000000000000000000001 3 2 3 2 7 2 3 2 3
10110001000100000000000000000001 7 2 3 2 41 2 61 2 3
10110001000010000000000000000001 3 2 3 2 7 2 3 2 3
10110001000000100000000000000001 3 2 3 2 7 2 3 2 3
10110000110000000000000000000001 3 2 3 2 7 2 3 2 3
10110000101000000000000000000001 7 2 3 2 43 2 23 2 3
10110000100100000000000000000001 3 2 3 2 7 2 3 2 3
10110000100001000000000000000001 3 2 3 2 7 2 3 2 3
10110000100000010000000000000001 3 2 3 2 7 2 3 2 3
10110000011000000000000000000001 3 2 3 2 7 2 3 2 3
10110000010100000000000000000001 137 2 3 2 13 2 167 2 3
10110000010010000000000000000001 3 2 3 2 7 2 3 2 3
10110000010001000000000000000001 5 2 3 2 37 2 5 2 3
10110000010000100000000000000001 3 2 3 2 7 2 3 2 3
10110000010000010000000000000001 19 2 3 2 1207727 2 11 2 3
10110000001100000000000000000001 3 2 3 2 7 2 3 2 3
10110000001001000000000000000001 3 2 3 2 7 2 3 2 3
10110000001000100000000000000001 7 2 3 2 13 2 73 2 3
10110000001000010000000000000001 3 2 3 2 7 2 3 2 3
10110000000110000000000000000001 3 2 3 2 7 2 3 2 3
10110000000101000000000000000001 7 2 3 2 43 2 73 2 3
10110000000100100000000000000001 3 2 3 2 7 2 3 2 3
10110000000011000000000000000001 3 2 3 2 7 2 3 2 3
10110000000010100000000000000001 17 2 3 2 1297 2 17 2 3
10110000000010010000000000000001 3 2 3 2 7 2 3 2 3
10110000000001100000000000000001 3 2 3 2 7 2 3 2 3
10110000000001010000000000000001 71 2 3 2 11 2 89 2 3
10110000000000110000000000000001 3 2 3 2 7 2 3 2 3
10101110000000000000000000000001 5 2 3 2 37 2 5 2 3
10101101000000000000000000000001 3 2 3 2 7 2 3 2 3
10101100100000000000000000000001 11 2 3 2 13 2 29 2 3
10101100010000000000000000000001 3 2 3 2 7 2 3 2 3
10101100001000000000000000000001 5 2 3 2 37 2 5 2 3
10101100000100000000000000000001 3 2 3 2 7 2 3 2 3
10101100000010000000000000000001 7 2 3 2 43 2 73 2 3
10101100000001000000000000000001 3 2 3 2 7 2 3 2 3
10101100000000100000000000000001 5 2 3 2 37 2 5 2 3
10101100000000010000000000000001 3 2 3 2 7 2 3 2 3
10101010100000000000000000000001 7 2 3 2 43 2 43 2 3
10101010010000000000000000000001 5 2 3 2 37 2 5 2 3
10101010000100000000000000000001 7 2 3 2 17 2 17 2 3
10101010000010000000000000000001 13 2 3 2 19 2 1109 2 3
10101010000001000000000000000001 5 2 3 2 37 2 5 2 3
10101010000000100000000000000001 7 2 3 2 13 2 73 2 3
10101010000000010000000000000001 23 2 3 2 349 2 239 2 3
10101001100000000000000000000001 19 2 3 2 11 2 233 2 3
10101001010000000000000000000001 3 2 3 2 7 2 3 2 3
10101001001000000000000000000001 16567 2 3 2 2053 2 9719 2 3
10101001000100000000000000000001 3 2 3 2 7 2 3 2 3
10101001000010000000000000000001 1973 2 3 2 13 2 53 2 3
10101001000001000000000000000001 3 2 3 2 7 2 3 2 3
10101001000000100000000000000001 18223 2 3 2 53 2 23 2 3
10101001000000010000000000000001 3 2 3 2 7 2 3 2 3
10101000110000000000000000000001 7 2 3 2 43 2 11 2 3
10101000101000000000000000000001 67 2 3 2 6330881 2 17 2 3
10101000100010000000000000000001 5 2 3 2 23 2 73 2 3
10101000100000100000000000000001 13 2 3 2 21107 2 97 2 3
10101000100000010000000000000001 7 2 3 2 17 2 61 2 3
10101000011000000000000000000001 5 2 3 2 17 2 5 2 3
10101000010100000000000000000001 3 2 3 2 7 2 3 2 3
10101000010001000000000000000001 3 2 3 2 7 2 3 2 3
10101000010000100000000000000001 5 2 3 2 37 2 5 2 3
10101000010000010000000000000001 3 2 3 2 7 2 3 2 3
10101000001001000000000000000001 5 2 3 2 37 2 5 2 3
10101000000110000000000000000001 7 2 3 2 43 2 73 2 3
10101000000101000000000000000001 3 2 3 2 7 2 3 2 3
10101000000100100000000000000001 17 2 3 2 1297 2 17 2 3
10101000000100010000000000000001 3 2 3 2 7 2 3 2 3
10101000000010100000000000000001 7 2 3 2 43 2 47 2 3
10101000000001100000000000000001 5 2 3 2 29 2 5 2 3
10101000000001010000000000000001 3 2 3 2 7 2 3 2 3
10101000000000110000000000000001 7 2 3 2 43 2 73 2 3
10100111000000000000000000000001 3 2 3 2 7 2 3 2 3
10100110100000000000000000000001 5 2 3 2 37 2 5 2 3
10100110010000000000000000000001 3 2 3 2 7 2 3 2 3
10100110001000000000000000000001 7 2 3 2 43 2 73 2 3
10100110000100000000000000000001 3 2 3 2 7 2 3 2 3
10100110000010000000000000000001 5 2 3 2 29 2 5 2 3
10100110000001000000000000000001 3 2 3 2 7 2 3 2 3
10100110000000100000000000000001 67 2 3 2 61 2 37 2 3
10100110000000010000000000000001 3 2 3 2 7 2 3 2 3
10100101100000000000000000000001 3 2 3 2 7 2 3 2 3
10100101010000000000000000000001 5 2 3 2 37 2 5 2 3
10100101001000000000000000000001 3 2 3 2 7 2 3 2 3
10100101000100000000000000000001 23 2 3 2 89 2 17929 2 3
10100101000010000000000000000001 3 2 3 2 7 2 3 2 3
10100101000001000000000000000001 5 2 3 2 37 2 5 2 3
10100101000000100000000000000001 3 2 3 2 7 2 3 2 3
10100101000000010000000000000001 7 2 3 2 43 2 73 2 3
10100100110000000000000000000001 3 2 3 2 7 2 3 2 3
10100100101000000000000000000001 5 2 3 2 37 2 5 2 3
10100100100100000000000000000001 3 2 3 2 7 2 3 2 3
10100100100010000000000000000001 661 2 3 2 220901 2 199 2 3
10100100100001000000000000000001 3 2 3 2 7 2 3 2 3
10100100100000100000000000000001 5 2 3 2 23 2 5 2 3
10100100100000010000000000000001 3 2 3 2 7 2 3 2 3
10100100011000000000000000000001 3 2 3 2 7 2 3 2 3
10100100010100000000000000000001 5 2 3 2 37 2 5 2 3
